38  MEGAP            3.85       3.70        -3.90
21  HUNER            3.49       3.47        -0.57
13  ESCOM            3.36       3.43         2.08
34  KRGYO            3.38       3.42         1.18
51   USAK            3.36       3.36         0.00
58  ZOREN            3.32       3.33         0.30
30  KATMR            3.19       3.31         3.76
18  HDFGS            3.40       3.28        -3.53
19  HEKTS            3.29       3.28        -0.30

    0,07

7   CONSE            3.20       3.23         0.94
12  EGSER            3.11       3.15         1.29
47  SRVGY            3.11       3.13         0.64
45   SASA            3.02       3.12         3.31
23  IDGYO            3.12       3.12         0.00
37  MARTI            3.09       3.11         0.65
1   AKYHO            3.06       3.11         1.63
40  OSTIM            3.14       3.11        -0.96
41  OZGYO            2.98       3.04         2.01
54  VRGYO            2.98       2.99         0.34
3   ARSAN            2.99       2.95        -1.34
22  ICUGS            2.98       2.93        -1.68
33  KOCMT            2.77       2.84         2.53
14  FONET            2.89       2.84        -1.73
36  MRGYO            2.86       2.83        -1.05
48  SILVR            2.86       2.81        -1.75
4   ARZUM            2.79       2.81         0.72

   0,06
20  HUBVC            2.87       2.78        -3.14
25  IHLGM            2.75       2.74        -0.36
2   AKFGY            2.69       2.72         1.12


'min': 2.95, 'max': 3.36
13   USAK            3.36       3.36         0.00
7   KATMR            3.19       3.31         3.76
4   HDFGS            3.40       3.28        -3.53
5   HEKTS            3.29       3.28        -0.30
2   CONSE            3.20       3.23         0.94
6   IDGYO            3.12       3.12         0.00
0   AKYHO            3.06       3.11         1.63
3   EGSER            3.11       3.15         1.29
12  SRVGY            3.11       3.13         0.64
8   MARTI            3.09       3.11         0.65
11   SASA            3.02       3.12         3.31
0   AKYHO            3.06       3.11         1.63
9   OSTIM            3.14       3.11        -0.96



'min': 2.8, 'max': 3.1
📈 Kriterlere Uyan BIST Hisseleri (9 adet):
   Hisse  Önceki Kapanış  Son Fiyat  Değişim (%)
6  OZGYO            2.98       3.04         2.01
8  VRGYO            2.98       2.99         0.34
0  ARSAN            2.99       2.95        -1.34
3  ICUGS            2.98       2.93        -1.68
2  FONET            2.89       2.84        -1.73
4  KOCMT            2.77       2.84         2.53
5  MRGYO            2.86       2.83        -1.05
1  ARZUM            2.79       2.81         0.72
7  SILVR            2.86       2.81        -1.75

merged
13   USAK            3.36       3.36         0.00
7   KATMR            3.19       3.31         3.76
4   HDFGS            3.40       3.28        -3.53
5   HEKTS            3.29       3.28        -0.30
2   CONSE            3.20       3.23         0.94
6   IDGYO            3.12       3.12         0.00
0   AKYHO            3.06       3.11         1.63
3   EGSER            3.11       3.15         1.29
12  SRVGY            3.11       3.13         0.64
8   MARTI            3.09       3.11         0.65
11   SASA            3.02       3.12         3.31
0   AKYHO            3.06       3.11         1.63
9   OSTIM            3.14       3.11        -0.96
6  OZGYO            2.98       3.04         2.01
8  VRGYO            2.98       2.99         0.34
0  ARSAN            2.99       2.95        -1.34
3  ICUGS            2.98       2.93        -1.68
2  FONET            2.89       2.84        -1.73
4  KOCMT            2.77       2.84         2.53
5  MRGYO            2.86       2.83        -1.05
1  ARZUM            2.79       2.81         0.72
7  SILVR            2.86       2.81        -1.75
